4
1
6
0 294 700 0
2 667 700 0
1 1253 700 0
0 256 100 2
0 710 100 2
2 1197 100 2
3
4 210 434 1
5 640 395 1
5 1021 395 1
1
2 1129 120 2
3
3 2
-1 3
7 1
800 790 0 0 0 
save/image/0.bmp
2
6
0 290 700 0
1 731 700 0
0 1104 700 0
0 320 100 2
1 732 100 2
2 1206 100 2
4
3 297 395 1
3 667 395 1
3 1045 395 1
4 1390 434 1
0
3
5 1
2 2
5 1
720 790 0 0 0 
save/image/1.bmp
3
6
0 73 700 0
2 487 700 0
2 1056 700 0
1 210 100 2
0 714 100 2
1 1204 100 2
4
3 158 395 1
5 401 395 1
4 756 434 1
4 1208 434 1
0
3
7 0
-1 3
-1 3
1280 550 9 0 0 
save/image/2.bmp
3
6
0 73 700 0
2 487 700 0
2 1056 700 0
1 578 100 2
0 1082 100 2
1 72 100 2
4
3 526 395 1
5 769 395 1
4 1124 434 1
4 76 434 1
0
3
4 0
-1 3
-1 3
800 510 6 0 0 
save/image/3.bmp
